id: 1
mode: 1
arm: 0
data: [0.143058, -0.462141, 1.10278]
pd_gains: [2400.0, 0.0, 18.0, 4.0, 1200.0, 0.0, 20.0, 4.0, 1000.0, 0.0, 6.0, 4.0, 700.0, 0.0, 4.0, 4.0, 300.0, 0.0, 6.0, 2.0, 300.0, 0.0, 4.0, 2.0, 300.0, 0.0, 2.0, 2.0]